3648            
4               
11              
0               
0               
11              
17408           
0               
0               
0               
1025            
32              
2               
6               
0               
1               

// Volume Independent Parameters
1               
0               
0               
0               
0               
0               
0               
0               
0               
1               
20              
5               
200             
10000           
-96             
-70             
-55             
-22             
0               
-96             
-70             
-55             
-23             
-23             
1               
11              
32              
32              
32              
32              
32              
32              
32              
32              
32              
32              
32              
32              
32              
32              
32              
32              
32              
32              
32              
32              
32              
32              
32              
32              
32              
32              
32              
32              
32              
32              
32              
32              
32              
32              
32              
32              
32              
32              
32              
32              
32              
32              
32              
32              
32              
32              
32              
32              
32              
32              
32              
32              
32              
32              
32              
32              
32              
32              
32              
32              
32              
32              
32              
32              
32              
32              
32              
32              
32              
32              
32              
32              
32              
32              
32              
32              
32              
32              
32              
32              
32              
32              
32              
32              
32              
32              
32              
32              
32              
32              
32              
32              
32              
32              
32              
32              
32              
32              
32              
32              
32              
32              
32              
32              
32              
32              
32              
32              
32              
32              
32              
32              
32              
32              
32              
32              
32              
32              
32              
32              
32              
32              
32              
32              
32              
32              
32              
32              
32              
32              
32              
32              
32              
32              
32              
32              
32              
32              
32              
32              
32              
32              
32              
32              
32              
32              
32              
32              
32              
32              
32              
32              
32              
32              
32              
32              
32              
32              
32              
32              
32              
32              
32              
32              
32              
32              
32              
32              
32              
32              
32              
32              
32              
32              
32              
32              
32              
32              
32              
32              
32              
32              
32              
32              
32              
32              
32              
32              
32              
32              
32              
32              
32              
32              
32              
32              
32              
32              
32              
32              
32              
32              
32              
32              
32              
32              
32              
32              
32              
32              
32              
32              
32              
32              
32              
32              
32              
32              
32              
32              
32              
32              
32              
32              
32              
32              
32              
32              
32              
32              
32              
32              
32              
32              
32              
32              
32              
32              
32              
32              
32              
32              
32              
32              
32              
32              
32              
32              
32              
32              
32              
32              
32              
32              
32              
32              
32              
32              
32              
32              
32              
32              
32              
32              
32              
32              
32              
32              
32              
32              
32              
32              
32              
32              
32              
32              
32              
32              
32              
32              
32              
32              
32              
32              
32              
32              
32              
32              
32              
32              
32              
32              
32              
32              
32              
32              
32              
32              
32              
32              
32              
32              
32              
32              
32              
32              
32              
32              
32              
32              
32              
32              
32              
32              
32              
32              
32              
32              
32              
32              
32              
32              
32              
32              
32              
32              
32              
32              
32              
32              
32              
32              
32              
32              
32              
32              
32              
32              
32              
32              
32              
32              
32              
32              
32              
32              
32              
32              
32              
32              
32              
32              
32              
32              
32              
32              
32              
32              
32              
32              
32              
32              
32              
32              
32              
32              
32              
32              
32              
32              
32              
32              
32              
32              
32              
32              
32              
32              
32              
32              
32              
32              
32              
32              
32              
32              
32              
32              
32              
32              
32              
32              
32              
32              
32              
32              
32              
32              
32              
32              
32              
32              
32              
32              
32              
32              
32              
32              
32              
32              
32              
32              
32              
32              
32              
32              
32              
32              
32              
32              
32              
32              
32              
32              
32              
32              
32              
32              
32              
32              
32              
32              
32              
32              
32              
32              
32              
32              
32              
32              
32              
32              
32              
32              
32              
32              
32              
32              
32              
32              
32              
32              
32              
32              
32              
32              
32              
32              
32              
32              
32              
32              
32              
32              
32              
32              
32              
32              
32              
32              
32              
32              
32              
32              
32              
32              
32              
32              
32              
32              
32              
32              
32              
32              
32              
32              
32              
32              
32              
32              
32              
32              
32              
32              
32              
32              
32              
32              
32              
32              
32              
32              
32              
32              
32              
32              
32              
32              
32              
32              
32              
32              
32              
32              
32              
32              
32              
32              
32              
32              
32              
32              
32              
32              
32              
32              
32              
32              
32              
32              
32              
32              
32              
32              
32              
32              
32              
32              
32              
32              
32              
32              
32              
32              
32              
32              
32              
32              
32              
32              
32              
32              
32              
32              
32              
32              
32              
32              
32              
32              
32              
32              
32              
32              
32              
32              
32              
32              
32              
32              
32              
32              
32              
32              
32              
32              
32              
32              
32              
32              
32              
32              
32              
32              
32              
32              
32              
32              
32              
32              
32              
32              
32              
32              
32              
32              
32              
32              
32              
32              
32              
32              
32              
32              
32              
32              
32              
32              
32              
32              
32              
32              
32              
32              
32              
32              
32              
32              
32              
32              
32              
32              
32              
32              
32              
32              
32              
32              
32              
32              
32              
32              
32              
32              
32              
32              
32              
32              
32              
32              
32              
32              
32              
32              
32              
32              
32              
32              
32              
32              
32              
32              
32              
32              
32              
32              
32              
32              
32              
32              
32              
32              
32              
32              
32              
32              
32              
32              
32              
32              
32              
32              
32              
32              
32              
32              
32              
32              
32              
32              
32              
32              
32              
32              
32              
32              
32              
32              
32              
32              
32              
32              
32              
32              
32              
32              
32              
32              
32              
32              
32              
32              
32              
32              
32              
32              
32              
32              
32              
32              
32              
32              
32              
32              
32              
32              
32              
32              
32              
32              
32              
32              
32              
32              
32              
32              
32              
32              
32              
32              
32              
32              
32              
32              
32              
32              
32              
32              
32              
32              
32              
32              
32              
32              
32              
32              
32              
32              
32              
32              
32              
32              
32              
32              
32              
32              
32              
32              
32              
32              
32              
32              
32              
32              
32              
32              
32              
32              
32              
32              
32              
32              
32              
32              
32              
32              
32              
32              
32              
32              
32              
32              
32              
32              
32              
32              
32              
32              
32              
32              
32              
32              
32              
32              
32              
32              
32              
32              
32              
32              
32              
32              
32              
32              
32              
32              
32              
32              
32              
32              
32              
32              
32              
32              
32              
32              
32              
32              
32              
32              
32              
32              
32              
32              
32              
32              
32              
32              
32              
32              
32              
32              
32              
32              
32              
32              
32              
32              
32              
32              
32              
32              
32              
32              
32              
32              
32              
32              
32              
32              
32              
32              
32              
32              
32              
32              
32              
32              
32              
32              
32              
32              
32              
32              
32              
32              
32              
32              
32              
32              
32              
32              
32              
32              
32              
32              
32              
32              
32              
32              
32              
32              
32              
32              
32              
32              
32              
32              
32              
32              
32              
32              
32              
32              
32              
32              
32              
32              
32              
32              
32              
32              
32              
32              
32              
32              
32              
32              
32              
32              
32              
32              
32              
32              
32              
32              
32              
32              
32              
32              
32              
32              
32              
32              
32              
32              
32              
32              
32              
32              
32              
32              
32              
32              
32              
32              
32              
32              
32              
32              
32              
32              
32              
32              
32              
32              
32              
32              
32              
32              
32              
32              
32              
32              
32              
32              
32              
32              
32              
32              
32              
32              
32              
32              
32              
32              
32              
32              
32              
32              
32              
32              
32              
32              
32              
32              
32              
32              
32              
32              
32              
32              
32              
32              
32              
32              
32              
32              
32              
32              
32              
32              
32              
32              
32              
32              
32              
32              
32              
32              
32              
32              
32              
32              
32              
32              
32              
32              
32              
32              
32              
32              
32              
32              
32              
32              
32              
32              
32              
32              
32              
32              
32              
32              
32              
32              
32              
32              
32              
32              
32              
32              
32              
32              
32              
32              
32              
32              
32              
32              
32              
32              
32              
32              
32              
32              
32              
32              
32              
32              
32              
32              
32              
32              
32              
32              
32              
32              
32              
32              
32              
32              
32              
32              
32              
32              
32              
32              
32              
32              
32              
32              
32              
32              
32              
32              
32              
32              
32              
32              
32              
32              
32              
32              
32              
32              
32              
32              
32              
32              
32              
32              
32              
32              
32              
32              
32              
32              
32              
32              
32              
32              
32              
32              
32              
32              
32              
32              
32              
32              
32              
32              
32              
32              
32              
32              
32              
32              
32              
32              
32              
32              
32              
32              
32              
32              
32              
32              
32              
32              
32              
32              
32              
32              
32              
32              
32              
32              
32              
32              
32              
32              
32              
32              
32              
32              
32              
32              
32              
32              
32              
32              
32              
32              
32              
32              
32              
32              
32              
32              
32              
32              
32              
32              
32              
32              
32              
32              
32              
32              
32              
32              
32              
32              
32              
32              
32              
32              
32              
32              
32              
32              
32              
32              
32              
32              
32              
32              
32              
32              
32              
32              
32              
32              
32              
32              
32              
32              
32              
32              
32              
32              
32              
32              
32              
32              
32              
32              
32              
32              
32              
32              
32              
32              
32              
32              
32              
32              
32              
32              
32              
32              
32              
32              
32              
32              
32              
32              
32              
32              
32              
32              
32              
32              
32              
32              
32              
32              
32              
32              
32              
32              
32              
32              
32              
32              
32              
32              
32              
32              
32              
32              
32              
32              
32              
32              
32              
32              
32              
32              
32              
32              
32              
32              
32              
32              
32              
32              
32              
32              
32              
32              
32              
32              
32              
32              
32              
32              
32              
32              
32              
32              
32              
32              
32              
32              
32              
32              
32              
32              
32              
32              
32              
32              
32              
32              
32              
32              
32              
32              
32              
32              
32              
32              
32              
32              
32              
32              
32              
32              
32              
32              
32              
32              
32              
32              
32              
32              
32              
32              
32              
32              
32              
32              
32              
32              
32              
32              
32              
32              
32              
32              
32              
32              
32              
32              
32              
32              
32              
32              
32              
32              
32              
32              
32              
32              
32              
32              
32              
32              
32              
32              
32              
32              
32              
32              
32              
32              
32              
32              
32              
32              
32              
32              
32              
32              
32              
32              
32              
32              
32              
32              
32              
32              
32              
32              
32              
32              
32              
32              
32              
32              
32              
32              
32              
32              
32              
32              
32              
32              
32              
32              
32              
32              
32              
32              
32              
32              
32              
32              
32              
32              
32              
32              
32              
32              
32              
32              
32              
32              
32              
32              
32              
32              
32              
32              
32              
32              
32              
32              
32              
32              
32              
32              
32              
32              
32              
32              
32              
32              
32              
32              
32              
32              
32              
32              
32              
32              
32              
32              
32              
32              
32              
32              
32              
32              
32              
32              
32              
32              
32              
32              
32              
32              
32              
32              
32              
32              
32              
32              
32              
32              
32              
32              
32              
32              
32              
32              
32              
32              
32              
32              
32              
32              
32              
32              
32              
32              
32              
32              
32              
32              
32              
32              
32              
32              
32              
32              
32              
32              
32              
32              
32              
32              
32              
32              
32              
32              
32              
32              
32              
32              
32              
32              
32              
32              
32              
32              
32              
32              
32              
32              
32              
32              
32              
32              
32              
32              
32              
32              
32              
32              
32              
32              
32              
32              
32              
32              
32              
32              
32              
32              
32              
32              
32              
32              
32              
32              
32              
32              
32              
32              
32              
32              
32              
32              
32              
32              
32              
32              
32              
32              
32              
32              
32              
32              
32              
32              
32              
32              
32              
32              
32              
32              
32              
32              
32              
32              
32              
32              
32              
32              
32              
32              
32              
32              
32              
32              
32              
32              
32              
32              
32              
32              
32              
32              
32              
32              
32              
32              
32              
32              
32              
32              
32              
32              
32              
32              
32              
32              
32              
32              
32              
32              
32              
32              
32              
32              
32              
32              
32              
32              
32              
32              
32              
32              
32              
32              
32              
32              
32              
32              
32              
32              
32              
32              
32              
32              
32              
32              
32              
32              
32              
32              
32              
32              
32              
32              
32              
32              
32              
32              
32              
32              
32              
32              
32              
32              
32              
32              
32              
32              
32              
32              
32              
32              
32              
32              
32              
32              
32              
32              
32              
32              
32              
32              
32              
32              
32              
32              
32              
32              
32              
32              
32              
32              
32              
32              
32              
32              
32              
32              
32              
32              
32              
32              
32              
32              
32              
32              
32              
32              
32              
32              
32              
32              
32              
32              
32              
32              
32              
32              
32              
32              
32              
32              
32              
32              
32              
32              
32              
32              
32              
32              
32              
32              
32              
32              
32              
32              
32              
32              
32              
32              
32              
32              
32              
32              
32              
32              
32              
32              
32              
32              
32              
32              
32              
32              
32              
32              
32              
32              
32              
32              
32              
32              
32              
32              
32              
32              
32              
32              
32              
32              
32              
32              
32              
32              
32              
32              
32              
32              
32              
32              
32              
32              
32              
32              
32              
32              
32              
32              
32              
32              
32              
32              
32              
32              
32              
32              
32              
32              
32              
32              
32              
32              
32              
32              
32              
32              
32              
32              
32              
32              
32              
32              
32              
32              
32              
32              
32              
32              
32              
32              
32              
32              
32              
32              
32              
32              
32              
32              
32              
32              
32              
32              
32              
32              
32              
32              
32              
32              
32              
32              
32              
32              
32              
32              
32              
32              
32              
32              
32              
32              
32              
32              
32              
32              
32              
32              
32              
32              
32              
32              
32              
32              
32              
32              
32              
32              
32              
32              
32              
32              
32              
32              
32              
32              
32              
32              
32              
32              
32              
32              
32              
32              
32              
32              
32              
32              
32              
32              
32              
32              
32              
32              
32              
32              
32              
32              
32              
32              
32              
32              
32              
32              
32              
32              
32              
32              
32              
32              
32              
32              
32              
32              
32              
32              
32              
32              
32              
32              
32              
32              
32              
32              
32              
32              
32              
32              
32              
32              
32              
32              
32              
32              
32              
32              
32              
32              
32              
32              
32              
32              
32              
32              
32              
32              
32              
32              
32              
32              
32              
32              
32              
32              
32              
32              
32              
32              
32              
32              
32              
32              
32              
32              
32              
32              
32              
32              
32              
32              
32              
32              
32              
32              
32              
32              
32              
32              
32              
32              
32              
32              
32              
32              
32              
32              
32              
32              
32              
32              
32              
32              
32              
32              
32              
32              
32              
32              
32              
32              
32              
32              
32              
32              
32              
32              
32              
32              
32              
32              
32              
32              
32              
32              
32              
32              
32              
32              
32              
32              
32              
32              
32              
32              
32              
32              
32              
32              
32              
32              
32              
32              
32              
32              
32              
32              
32              
32              
32              
32              
32              
32              
32              
32              
32              
32              
32              
32              
32              
32              
32              
32              
32              
32              
32              
32              
32              
32              
32              
32              
32              
32              
32              
32              
32              
32              
32              
32              
32              
32              
32              
32              
32              
32              
32              
32              
32              
32              
32              
32              
32              
32              
32              
32              
32              
32              
32              
32              
32              
32              
32              
32              
32              
32              
32              
32              
32              
32              
32              
32              
32              
32              
32              
32              
32              
32              
32              
32              
32              
32              
32              
32              
32              
32              
32              
32              
32              
32              
32              
32              
32              
32              
32              
32              
32              
32              
32              
32              
32              
32              
32              
32              
32              
32              
32              
32              
32              
32              
32              
32              
32              
32              
32              
32              
32              
32              
32              
32              
32              
32              
32              
32              
32              
32              
32              
32              
32              
32              
32              
32              
32              
32              
32              
32              
32              
32              
32              
32              
32              
32              
32              
32              
32              
32              
32              
32              
32              
32              
32              
32              
32              
32              
32              
32              
32              
32              
32              
32              
32              
32              
32              
32              
32              
32              
32              
32              
32              
32              
32              
32              
32              
32              
32              
32              
32              
32              
32              
32              
32              
32              
32              
32              
32              
32              
32              
32              
32              
32              
32              
32              
32              
32              
32              
32              
32              
32              
32              
32              
32              
32              
32              
32              
32              
32              
32              
32              
32              
32              
32              
32              
32              
32              
32              
32              
32              
32              
32              
32              
32              
32              
32              
32              
32              
32              
32              
32              
32              
32              
32              
32              
32              
32              
32              
32              
32              
32              
32              
32              
32              
32              
32              
32              
32              
32              
32              
32              
32              
32              
32              
32              
32              
32              
32              
32              
32              
32              
32              
32              
32              
32              
32              
32              
32              
32              
32              
32              
32              
32              
32              
32              
32              
32              
32              
32              
32              
32              
32              
32              
32              
32              
32              
32              
32              
32              
32              
32              
32              
32              
32              
32              
32              
32              
32              
32              
32              
32              
32              
32              
32              
32              
32              
32              
32              
32              
32              
32              
32              
32              
0               
70              
70              
-6              
-6              
-48             
-48             
0               
32767           
33              
40              
100             
1               
-4              
-4              
32767           
-12             
12              
-68             
-65             
-69             
-72             
-75             
-79             
-84             
-84             
-86             
-88             
-90             
-91             
-91             
-90             
-91             
-92             
-92             
-92             
-93             
-92             
-93             
-93             
-94             
-94             
-94             
-94             
-96             
-95             
-95             
-95             
-96             
-97             
-96             
-95             
-96             
-97             
-97             
-98             
-98             
-98             
-98             
-98             
-98             
-97             
-96             
-96             
-97             
-98             
-98             
-98             
-98             
-99             
-99             
-98             
-99             
-99             
-99             
-99             
-99             
-99             
-99             
-99             
-98             
-99             
-99             
-99             
-99             
-99             
-99             
-100            
-100            
-100            
-100            
-99             
-100            
-100            
-99             
-100            
-101            
-100            
-100            
-100            
-100            
-100            
-100            
-100            
-100            
-100            
-100            
-101            
-101            
-102            
-101            
-101            
-101            
-102            
-101            
-100            
-101            
-101            
-101            
-101            
-101            
-101            
-101            
-102            
-101            
-101            
-102            
-101            
-101            
-102            
-101            
-102            
-101            
-102            
-101            
-102            
-102            
-102            
-103            
-102            
-103            
-103            
-103            
-101            
-102            
-102            
-100            
-102            
-102            
-102            
-103            
-102            
-102            
-101            
-103            
-103            
-102            
-102            
-102            
-103            
-102            
-103            
-102            
-103            
-103            
-103            
-103            
-102            
-102            
-103            
-104            
-103            
-103            
-103            
-104            
-103            
-103            
-103            
-104            
-102            
-102            
-103            
-103            
-103            
-103            
-104            
-103            
-104            
-102            
-102            
-103            
-103            
-104            
-103            
-104            
-103            
-103            
-104            
-103            
-103            
-103            
-104            
-103            
-103            
-104            
-104            
-103            
-104            
-104            
-103            
-103            
-103            
-103            
-105            
-104            
-104            
-103            
-103            
-104            
-104            
-104            
-104            
-103            
-105            
-104            
-104            
-104            
-103            
-103            
-104            
-103            
-103            
-103            
-104            
-104            
-104            
-104            
-104            
-104            
-104            
-105            
-104            
-104            
-104            
-104            
-104            
-105            
-104            
-104            
-104            
-105            
-104            
-104            
-103            
-104            
-104            
-104            
-105            
-105            
-104            
-104            
-105            
-106            
-105            
-105            
-105            
-105            
-105            
-105            
-105            
-105            
-105            
-104            
-104            
-103            
-105            
-104            
-104            
-105            
-105            
-104            
-105            
-105            
-104            
-105            
-104            
-104            
-105            
-104            
-106            
-106            
-106            
-106            
-105            
-105            
-104            
-104            
-105            
-105            
-105            
-105            
-104            
-105            
-105            
-105            
-105            
-103            
-101            
-105            
-104            
-105            
-105            
-105            
-104            
-104            
-105            
-104            
-104            
-105            
-106            
-105            
-105            
-105            
-105            
-105            
-105            
-105            
-105            
-105            
-105            
-106            
-105            
-105            
-104            
-105            
-105            
-106            
-105            
-104            
-105            
-106            
-105            
-105            
-106            
-105            
-105            
-105            
-105            
-105            
-104            
-105            
-106            
-105            
-105            
-105            
-106            
-105            
-106            
-105            
-105            
-105            
-106            
-105            
-106            
-105            
-105            
-107            
-105            
-105            
-106            
-105            
-105            
-105            
-105            
-106            
-105            
-106            
-106            
-106            
-106            
-106            
-104            
-105            
-106            
-105            
-106            
-106            
-106            
-106            
-106            
-106            
-107            
-105            
-105            
-106            
-106            
-106            
-105            
-106            
-106            
-106            
-106            
-103            
-106            
-107            
-106            
-106            
-107            
-106            
-106            
-105            
-105            
-106            
-106            
-106            
-106            
-105            
-106            
-107            
-106            
-106            
-106            
-106            
-105            
-104            
-106            
-106            
-106            
-107            
-106            
-105            
-106            
-106            
-105            
-105            
-106            
-106            
-106            
-106            
-106            
-106            
-107            
-106            
-106            
-103            
-102            
-106            
-106            
-106            
-105            
-105            
-100            
-105            
-106            
-106            
-106            
-107            
-106            
-106            
-106            
-106            
-106            
-105            
-106            
-106            
-106            
-104            
-107            
-107            
-107            
-107            
-106            
-107            
-106            
-105            
-106            
-106            
-106            
-107            
-107            
-106            
-106            
-106            
-106            
-106            
-106            
-106            
-100            
-102            
-105            
-106            
-107            
-107            
-108            
-106            
-107            
-106            
-107            
-106            
-107            
-106            
-106            
-106            
-106            
-106            
-107            
-107            
-107            
-106            
-105            
-106            
-107            
-106            
-107            
-107            
-107            
-106            
-106            
-107            
-107            
-107            
-106            
-107            
-107            
-107            
-107            
-108            
-109            
-109            
-108            
-103            
-68             
-65             
-69             
-72             
-75             
-79             
-84             
-84             
-86             
-88             
-90             
-91             
-91             
-90             
-91             
-92             
-92             
-92             
-93             
-92             
-93             
-93             
-94             
-94             
-94             
-94             
-96             
-95             
-95             
-95             
-96             
-97             
-96             
-95             
-96             
-97             
-97             
-98             
-98             
-98             
-98             
-98             
-98             
-97             
-96             
-96             
-97             
-98             
-98             
-98             
-98             
-99             
-99             
-98             
-99             
-99             
-99             
-99             
-99             
-99             
-99             
-99             
-98             
-99             
-99             
-99             
-99             
-99             
-99             
-100            
-100            
-100            
-100            
-99             
-100            
-100            
-99             
-100            
-101            
-100            
-100            
-100            
-100            
-100            
-100            
-100            
-100            
-100            
-100            
-101            
-101            
-102            
-101            
-101            
-101            
-102            
-101            
-100            
-101            
-101            
-101            
-101            
-101            
-101            
-101            
-102            
-101            
-101            
-102            
-101            
-101            
-102            
-101            
-102            
-101            
-102            
-101            
-102            
-102            
-102            
-103            
-102            
-103            
-103            
-103            
-101            
-102            
-102            
-100            
-102            
-102            
-102            
-103            
-102            
-102            
-101            
-103            
-103            
-102            
-102            
-102            
-103            
-102            
-103            
-102            
-103            
-103            
-103            
-103            
-102            
-102            
-103            
-104            
-103            
-103            
-103            
-104            
-103            
-103            
-103            
-104            
-102            
-102            
-103            
-103            
-103            
-103            
-104            
-103            
-104            
-102            
-102            
-103            
-103            
-104            
-103            
-104            
-103            
-103            
-104            
-103            
-103            
-103            
-104            
-103            
-103            
-104            
-104            
-103            
-104            
-104            
-103            
-103            
-103            
-103            
-105            
-104            
-104            
-103            
-103            
-104            
-104            
-104            
-104            
-103            
-105            
-104            
-104            
-104            
-103            
-103            
-104            
-103            
-103            
-103            
-104            
-104            
-104            
-104            
-104            
-104            
-104            
-105            
-104            
-104            
-104            
-104            
-104            
-105            
-104            
-104            
-104            
-105            
-104            
-104            
-103            
-104            
-104            
-104            
-105            
-105            
-104            
-104            
-105            
-106            
-105            
-105            
-105            
-105            
-105            
-105            
-105            
-105            
-105            
-104            
-104            
-103            
-105            
-104            
-104            
-105            
-105            
-104            
-105            
-105            
-104            
-105            
-104            
-104            
-105            
-104            
-106            
-106            
-106            
-106            
-105            
-105            
-104            
-104            
-105            
-105            
-105            
-105            
-104            
-105            
-105            
-105            
-105            
-103            
-101            
-105            
-104            
-105            
-105            
-105            
-104            
-104            
-105            
-104            
-104            
-105            
-106            
-105            
-105            
-105            
-105            
-105            
-105            
-105            
-105            
-105            
-105            
-106            
-105            
-105            
-104            
-105            
-105            
-106            
-105            
-104            
-105            
-106            
-105            
-105            
-106            
-105            
-105            
-105            
-105            
-105            
-104            
-105            
-106            
-105            
-105            
-105            
-106            
-105            
-106            
-105            
-105            
-105            
-106            
-105            
-106            
-105            
-105            
-107            
-105            
-105            
-106            
-105            
-105            
-105            
-105            
-106            
-105            
-106            
-106            
-106            
-106            
-106            
-104            
-105            
-106            
-105            
-106            
-106            
-106            
-106            
-106            
-106            
-107            
-105            
-105            
-106            
-106            
-106            
-105            
-106            
-106            
-106            
-106            
-103            
-106            
-107            
-106            
-106            
-107            
-106            
-106            
-105            
-105            
-106            
-106            
-106            
-106            
-105            
-106            
-107            
-106            
-106            
-106            
-106            
-105            
-104            
-106            
-106            
-106            
-107            
-106            
-105            
-106            
-106            
-105            
-105            
-106            
-106            
-106            
-106            
-106            
-106            
-107            
-106            
-106            
-103            
-102            
-106            
-106            
-106            
-105            
-105            
-100            
-105            
-106            
-106            
-106            
-107            
-106            
-106            
-106            
-106            
-106            
-105            
-106            
-106            
-106            
-104            
-107            
-107            
-107            
-107            
-106            
-107            
-106            
-105            
-106            
-106            
-106            
-107            
-107            
-106            
-106            
-106            
-106            
-106            
-106            
-106            
-100            
-102            
-105            
-106            
-107            
-107            
-108            
-106            
-107            
-106            
-107            
-106            
-107            
-106            
-106            
-106            
-106            
-106            
-107            
-107            
-107            
-106            
-105            
-106            
-107            
-106            
-107            
-107            
-107            
-106            
-106            
-107            
-107            
-107            
-106            
-107            
-107            
-107            
-107            
-108            
-109            
-109            
-108            
-103            
0               
1638            
655             
9830            
300             
300             
0               
-15             
0               
-4              
0               
-15             
0               
6               
-20             
-3              
2344            
4687            
0               
0               
0               
32767           
0               
-20             
1               
0               
9000            
1               
100             
5               
0               
6000            
100             
0               
3700            
100             
0               
9586            
350             
0               
14214           
200             
0               
21641           
150             
0               
20              
96              
0               
20              
96              
0               
20              
96              
0               
20              
96              
0               
20              
96              
2               
0               
200             
100             
-16             
2000            
100             
-16             
0               
2               
1               
20              
4               
0               
20              
0               
0               
10              
2000            
-96             
-85             
-20             
0               
0               
-96             
-85             
-20             
-20             
0               
0               
0               
1               
700             
2               
0               
20              
0               
0               
2000            
2000            
-96             
0               
0               
0               
0               
-96             
0               
0               
0               
0               
1               
0               
1               
20              
2               
1               
20              
0               
0               
10000           
10000           
-96             
0               
0               
0               
0               
-96             
0               
0               
0               
0               
1               
0               
1               
20              
2               
1               
20              
0               
0               
10000           
10000           
-96             
0               
0               
0               
0               
-96             
0               
0               
0               
0               
1               
0               
1               
20              
2               
1               
20              
0               
0               
10000           
10000           
-96             
0               
0               
0               
0               
-96             
0               
0               
0               
0               
1               
0               
1               
20              
5               
0               
20              
0               
0               
300             
10000           
-96             
-38             
-20             
-2              
0               
-96             
-38             
-20             
-18             
-18             
0               
0               
1               
-1              
11              
0               
27233           
30              
0               
0               
0               
0               
0               
0               
0               
0               
165             
0               
0               
0               
0               
0               
0               
0               
0               
1               
2               
1               
-20             
-20             
-40             
-20             
-76             
-31             
0               
15              
96              
86              
6826            
6826            
6826            
6826            
6826            
6826            
6826            
6826            
6826            
6826            

// Volume 0
