3648            
4               
11              
0               
0               
11              
17408           
0               
0               
0               
1025            
32              
2               
6               
0               
1               

// Volume Independent Parameters
1               
0               
0               
0               
0               
0               
0               
0               
0               
1               
20              
5               
200             
10000           
-96             
-75             
-40             
-15             
0               
-96             
-75             
-40             
-16             
-16             
1               
7               
32              
32              
32              
32              
32              
32              
32              
32              
32              
32              
32              
32              
32              
32              
32              
32              
32              
32              
32              
32              
32              
32              
32              
32              
32              
32              
32              
32              
32              
32              
32              
32              
32              
32              
32              
32              
32              
32              
32              
32              
32              
32              
32              
32              
32              
32              
32              
32              
32              
32              
32              
32              
32              
32              
32              
32              
32              
32              
32              
32              
32              
32              
32              
32              
32              
32              
32              
32              
32              
32              
32              
32              
32              
32              
32              
32              
32              
32              
32              
32              
32              
32              
32              
32              
32              
32              
32              
32              
32              
32              
32              
32              
32              
32              
32              
32              
32              
32              
32              
32              
32              
32              
32              
32              
32              
32              
32              
32              
32              
32              
32              
32              
32              
32              
32              
32              
32              
32              
32              
32              
32              
32              
32              
32              
32              
32              
32              
32              
32              
32              
32              
32              
32              
32              
32              
32              
32              
32              
32              
32              
32              
32              
32              
32              
32              
32              
32              
32              
32              
32              
32              
32              
32              
32              
32              
32              
32              
32              
32              
32              
32              
32              
32              
32              
32              
32              
32              
32              
32              
32              
32              
32              
32              
32              
32              
32              
32              
32              
32              
32              
32              
32              
32              
32              
32              
32              
32              
32              
32              
32              
32              
32              
32              
32              
32              
32              
32              
32              
32              
32              
32              
32              
32              
32              
32              
32              
32              
32              
32              
32              
32              
32              
32              
32              
32              
32              
32              
32              
32              
32              
32              
32              
32              
32              
32              
32              
32              
32              
32              
32              
32              
32              
32              
32              
32              
32              
32              
32              
32              
32              
32              
32              
32              
32              
32              
32              
32              
32              
32              
32              
32              
32              
32              
32              
32              
32              
32              
32              
32              
32              
32              
32              
32              
32              
32              
32              
32              
32              
32              
32              
32              
32              
32              
32              
32              
32              
32              
32              
32              
32              
32              
32              
32              
32              
32              
32              
32              
32              
32              
32              
32              
32              
32              
32              
32              
32              
32              
32              
32              
32              
32              
32              
32              
32              
32              
32              
32              
32              
32              
32              
32              
32              
32              
32              
32              
32              
32              
32              
32              
32              
32              
32              
32              
32              
32              
32              
32              
32              
32              
32              
32              
32              
32              
32              
32              
32              
32              
32              
32              
32              
32              
32              
32              
32              
32              
32              
32              
32              
32              
32              
32              
32              
32              
32              
32              
32              
32              
32              
32              
32              
32              
32              
32              
32              
32              
32              
32              
32              
32              
32              
32              
32              
32              
32              
32              
32              
32              
32              
32              
32              
32              
32              
32              
32              
32              
32              
32              
32              
32              
32              
32              
32              
32              
32              
32              
32              
32              
32              
32              
32              
32              
32              
32              
32              
32              
32              
32              
32              
32              
32              
32              
32              
32              
32              
32              
32              
32              
32              
32              
32              
32              
32              
32              
32              
32              
32              
32              
32              
32              
32              
32              
32              
32              
32              
32              
32              
32              
32              
32              
32              
32              
32              
32              
32              
32              
32              
32              
32              
32              
32              
32              
32              
32              
32              
32              
32              
32              
32              
32              
32              
32              
32              
32              
32              
32              
32              
32              
32              
32              
32              
32              
32              
32              
32              
32              
32              
32              
32              
32              
32              
32              
32              
32              
32              
32              
32              
32              
32              
32              
32              
32              
32              
32              
32              
32              
32              
32              
32              
32              
32              
32              
32              
32              
32              
32              
32              
32              
32              
32              
32              
32              
32              
32              
32              
32              
32              
32              
32              
32              
32              
32              
32              
32              
32              
32              
32              
32              
32              
32              
32              
32              
32              
32              
32              
32              
32              
32              
32              
32              
32              
32              
32              
32              
32              
32              
32              
32              
32              
32              
32              
32              
32              
32              
32              
32              
32              
32              
32              
32              
32              
32              
32              
32              
32              
32              
32              
32              
32              
32              
32              
32              
32              
32              
32              
32              
32              
32              
32              
32              
32              
32              
32              
32              
32              
32              
32              
32              
32              
32              
32              
32              
32              
32              
32              
32              
32              
32              
32              
32              
32              
32              
32              
32              
32              
32              
32              
32              
32              
32              
32              
32              
32              
32              
32              
32              
32              
32              
32              
32              
32              
32              
32              
32              
32              
32              
32              
32              
32              
32              
32              
32              
32              
32              
32              
32              
32              
32              
32              
32              
32              
32              
32              
32              
32              
32              
32              
32              
32              
32              
32              
32              
32              
32              
32              
32              
32              
32              
32              
32              
32              
32              
32              
32              
32              
32              
32              
32              
32              
32              
32              
32              
32              
32              
32              
32              
32              
32              
32              
32              
32              
32              
32              
32              
32              
32              
32              
32              
32              
32              
32              
32              
32              
32              
32              
32              
32              
32              
32              
32              
32              
32              
32              
32              
32              
32              
32              
32              
32              
32              
32              
32              
32              
32              
32              
32              
32              
32              
32              
32              
32              
32              
32              
32              
32              
32              
32              
32              
32              
32              
32              
32              
32              
32              
32              
32              
32              
32              
32              
32              
32              
32              
32              
32              
32              
32              
32              
32              
32              
32              
32              
32              
32              
32              
32              
32              
32              
32              
32              
32              
32              
32              
32              
32              
32              
32              
32              
32              
32              
32              
32              
32              
32              
32              
32              
32              
32              
32              
32              
32              
32              
32              
32              
32              
32              
32              
32              
32              
32              
32              
32              
32              
32              
32              
32              
32              
32              
32              
32              
32              
32              
32              
32              
32              
32              
32              
32              
32              
32              
32              
32              
32              
32              
32              
32              
32              
32              
32              
32              
32              
32              
32              
32              
32              
32              
32              
32              
32              
32              
32              
32              
32              
32              
32              
32              
32              
32              
32              
32              
32              
32              
32              
32              
32              
32              
32              
32              
32              
32              
32              
32              
32              
32              
32              
32              
32              
32              
32              
32              
32              
32              
32              
32              
32              
32              
32              
32              
32              
32              
32              
32              
32              
32              
32              
32              
32              
32              
32              
32              
32              
32              
32              
32              
32              
32              
32              
32              
32              
32              
32              
32              
32              
32              
32              
32              
32              
32              
32              
32              
32              
32              
32              
32              
32              
32              
32              
32              
32              
32              
32              
32              
32              
32              
32              
32              
32              
32              
32              
32              
32              
32              
32              
32              
32              
32              
32              
32              
32              
32              
32              
32              
32              
32              
32              
32              
32              
32              
32              
32              
32              
32              
32              
32              
32              
32              
32              
32              
32              
32              
32              
32              
32              
32              
32              
32              
32              
32              
32              
32              
32              
32              
32              
32              
32              
32              
32              
32              
32              
32              
32              
32              
32              
32              
32              
32              
32              
32              
32              
32              
32              
32              
32              
32              
32              
32              
32              
32              
32              
32              
32              
32              
32              
32              
32              
32              
32              
32              
32              
32              
32              
32              
32              
32              
32              
32              
32              
32              
32              
32              
32              
32              
32              
32              
32              
32              
32              
32              
32              
32              
32              
32              
32              
32              
32              
32              
32              
32              
32              
32              
32              
32              
32              
32              
32              
32              
32              
32              
32              
32              
32              
32              
32              
32              
32              
32              
32              
32              
32              
32              
32              
32              
32              
32              
32              
32              
32              
32              
32              
32              
32              
32              
32              
32              
32              
32              
32              
32              
32              
32              
32              
32              
32              
32              
32              
32              
32              
32              
32              
32              
32              
32              
32              
32              
32              
32              
32              
32              
32              
32              
32              
32              
32              
32              
32              
32              
32              
32              
32              
32              
32              
32              
32              
32              
32              
32              
32              
32              
32              
32              
32              
32              
32              
32              
32              
32              
32              
32              
32              
32              
32              
32              
32              
32              
32              
32              
32              
32              
32              
32              
32              
32              
32              
32              
32              
32              
32              
32              
32              
32              
32              
32              
32              
32              
32              
32              
32              
32              
32              
32              
32              
32              
32              
32              
32              
32              
32              
32              
32              
32              
32              
32              
32              
32              
32              
32              
32              
32              
32              
32              
32              
32              
32              
32              
32              
32              
32              
32              
32              
32              
32              
32              
32              
32              
32              
32              
32              
32              
32              
32              
32              
32              
32              
32              
32              
32              
32              
32              
32              
32              
32              
32              
32              
32              
32              
32              
32              
32              
32              
32              
32              
32              
32              
32              
32              
32              
32              
32              
32              
32              
32              
32              
32              
32              
32              
32              
32              
32              
32              
32              
32              
32              
32              
32              
32              
32              
32              
32              
32              
32              
32              
32              
32              
32              
32              
32              
32              
32              
32              
32              
32              
32              
32              
32              
32              
32              
32              
32              
32              
32              
32              
32              
32              
32              
32              
32              
32              
32              
32              
32              
32              
32              
32              
32              
32              
32              
32              
32              
32              
32              
32              
32              
32              
32              
32              
32              
32              
32              
32              
32              
32              
32              
32              
32              
32              
32              
32              
32              
32              
32              
32              
32              
32              
32              
32              
32              
32              
32              
32              
32              
32              
32              
32              
32              
32              
32              
32              
32              
32              
32              
32              
32              
32              
32              
32              
32              
32              
32              
32              
32              
32              
32              
32              
32              
32              
32              
32              
32              
32              
32              
32              
32              
32              
32              
32              
32              
32              
32              
32              
32              
32              
32              
32              
32              
32              
32              
32              
32              
32              
32              
32              
32              
32              
32              
32              
32              
32              
32              
32              
32              
32              
32              
32              
32              
32              
32              
32              
32              
32              
32              
32              
32              
32              
32              
32              
32              
32              
32              
32              
32              
32              
32              
32              
32              
32              
32              
32              
32              
32              
32              
32              
32              
32              
32              
32              
32              
32              
32              
32              
32              
32              
32              
32              
32              
32              
32              
32              
32              
32              
32              
32              
32              
32              
32              
32              
32              
32              
32              
32              
32              
32              
32              
32              
32              
32              
32              
32              
32              
32              
32              
32              
32              
32              
32              
32              
32              
32              
32              
32              
32              
32              
32              
32              
32              
32              
32              
32              
32              
32              
32              
32              
32              
32              
32              
32              
32              
32              
32              
32              
32              
32              
32              
32              
32              
32              
32              
32              
32              
32              
32              
32              
32              
32              
32              
32              
32              
32              
32              
32              
32              
32              
32              
32              
32              
32              
32              
32              
32              
32              
32              
32              
32              
32              
32              
32              
32              
32              
32              
32              
32              
32              
32              
32              
32              
32              
32              
32              
32              
32              
32              
32              
32              
32              
32              
32              
32              
32              
32              
32              
32              
32              
32              
32              
32              
32              
32              
32              
32              
32              
32              
32              
32              
32              
32              
32              
32              
32              
32              
32              
32              
32              
32              
32              
32              
32              
32              
32              
32              
32              
32              
32              
32              
32              
32              
32              
32              
32              
32              
32              
32              
32              
32              
32              
32              
32              
32              
32              
32              
32              
32              
32              
32              
32              
32              
32              
32              
32              
32              
32              
32              
32              
32              
32              
32              
32              
32              
32              
32              
32              
32              
32              
32              
32              
32              
32              
32              
32              
32              
32              
32              
32              
32              
32              
32              
32              
32              
32              
32              
32              
32              
32              
32              
32              
32              
32              
32              
32              
32              
32              
32              
32              
32              
32              
32              
32              
32              
32              
32              
32              
32              
32              
32              
32              
32              
32              
32              
32              
32              
32              
32              
32              
32              
32              
32              
32              
32              
32              
32              
32              
32              
32              
32              
32              
32              
32              
32              
32              
32              
32              
32              
32              
32              
32              
32              
32              
32              
32              
32              
32              
32              
32              
32              
32              
32              
32              
32              
32              
32              
32              
32              
32              
32              
32              
32              
32              
32              
32              
32              
32              
32              
32              
32              
32              
32              
32              
32              
32              
32              
32              
32              
32              
32              
32              
32              
32              
32              
32              
32              
32              
32              
32              
32              
32              
32              
32              
32              
32              
32              
32              
32              
32              
32              
32              
32              
32              
32              
32              
32              
32              
32              
32              
32              
32              
32              
32              
32              
32              
32              
32              
32              
32              
32              
32              
32              
32              
32              
32              
32              
32              
32              
32              
32              
32              
32              
32              
32              
32              
32              
32              
32              
32              
32              
32              
32              
32              
32              
32              
32              
32              
32              
32              
32              
32              
32              
32              
32              
32              
32              
32              
32              
32              
32              
32              
32              
32              
32              
32              
32              
32              
32              
32              
32              
32              
32              
32              
32              
32              
32              
32              
32              
32              
32              
32              
32              
32              
32              
32              
32              
32              
32              
32              
32              
32              
32              
32              
32              
32              
32              
32              
32              
32              
32              
32              
32              
32              
32              
32              
32              
32              
32              
32              
32              
32              
32              
32              
32              
32              
32              
32              
32              
32              
32              
32              
32              
32              
32              
32              
32              
32              
32              
32              
32              
32              
32              
32              
32              
32              
32              
32              
32              
32              
32              
32              
32              
32              
32              
32              
32              
32              
32              
32              
32              
32              
32              
32              
32              
32              
32              
32              
32              
32              
32              
32              
32              
32              
32              
32              
32              
32              
32              
32              
32              
32              
32              
32              
32              
32              
32              
32              
32              
32              
32              
32              
32              
32              
32              
32              
32              
32              
32              
32              
32              
32              
32              
32              
32              
32              
32              
32              
32              
32              
32              
32              
32              
32              
32              
32              
32              
32              
32              
32              
32              
32              
32              
32              
32              
32              
32              
32              
32              
32              
32              
32              
32              
32              
32              
32              
32              
32              
32              
32              
32              
32              
32              
32              
32              
32              
32              
32              
32              
32              
32              
32              
32              
32              
32              
32              
32              
32              
32              
32              
32              
32              
32              
32              
32              
32              
32              
32              
32              
32              
32              
32              
32              
32              
32              
32              
32              
32              
32              
32              
32              
32              
32              
32              
32              
32              
32              
32              
32              
32              
32              
32              
32              
32              
32              
32              
32              
32              
32              
32              
32              
32              
32              
32              
32              
32              
32              
32              
32              
32              
32              
32              
32              
32              
32              
32              
32              
32              
32              
32              
32              
32              
32              
32              
32              
32              
32              
32              
32              
32              
32              
32              
32              
32              
32              
32              
32              
32              
32              
32              
32              
32              
32              
32              
32              
32              
32              
32              
32              
32              
32              
32              
32              
32              
32              
32              
32              
32              
32              
32              
32              
32              
32              
32              
32              
32              
32              
32              
32              
32              
32              
32              
32              
32              
32              
32              
32              
32              
32              
32              
32              
32              
32              
32              
32              
32              
32              
32              
32              
32              
32              
32              
32              
32              
32              
32              
32              
32              
32              
32              
32              
32              
32              
32              
32              
32              
32              
32              
32              
32              
32              
32              
32              
32              
32              
32              
32              
32              
32              
32              
32              
32              
32              
32              
32              
32              
32              
32              
32              
32              
32              
32              
32              
32              
32              
32              
32              
32              
32              
32              
32              
32              
32              
32              
32              
32              
32              
32              
32              
32              
32              
32              
32              
32              
32              
32              
32              
32              
32              
32              
32              
32              
32              
32              
32              
32              
32              
32              
32              
32              
32              
32              
32              
32              
32              
32              
32              
32              
32              
32              
32              
32              
32              
32              
32              
32              
32              
32              
32              
32              
32              
32              
32              
32              
32              
32              
32              
32              
32              
32              
32              
32              
32              
32              
32              
32              
32              
32              
32              
32              
32              
32              
32              
32              
32              
32              
32              
32              
32              
32              
32              
32              
32              
32              
32              
32              
32              
32              
32              
32              
32              
32              
32              
32              
32              
32              
32              
32              
32              
32              
32              
32              
32              
32              
32              
32              
32              
32              
32              
32              
32              
32              
32              
32              
32              
32              
32              
32              
32              
32              
32              
32              
32              
32              
32              
32              
32              
32              
32              
32              
32              
32              
32              
32              
32              
32              
32              
32              
32              
32              
32              
32              
32              
32              
32              
32              
32              
32              
32              
32              
32              
32              
32              
32              
32              
32              
32              
32              
32              
32              
32              
0               
70              
70              
-6              
-6              
-48             
-48             
0               
32767           
33              
40              
100             
1               
-4              
-4              
32767           
-12             
12              
-62             
-60             
-64             
-68             
-62             
-66             
-76             
-81             
-83             
-86             
-86             
-87             
-87             
-88             
-89             
-89             
-89             
-89             
-91             
-91             
-91             
-91             
-91             
-91             
-92             
-92             
-92             
-93             
-93             
-93             
-92             
-93             
-93             
-93             
-94             
-95             
-95             
-94             
-96             
-95             
-95             
-95             
-95             
-96             
-95             
-96             
-96             
-97             
-97             
-95             
-95             
-97             
-96             
-95             
-96             
-97             
-97             
-97             
-98             
-97             
-97             
-97             
-97             
-97             
-97             
-98             
-98             
-98             
-99             
-98             
-98             
-98             
-98             
-98             
-98             
-96             
-98             
-99             
-99             
-98             
-98             
-99             
-99             
-100            
-100            
-99             
-99             
-98             
-100            
-99             
-100            
-100            
-99             
-100            
-100            
-100            
-100            
-100            
-100            
-99             
-99             
-100            
-100            
-101            
-100            
-101            
-101            
-100            
-100            
-100            
-100            
-100            
-100            
-100            
-101            
-101            
-101            
-99             
-100            
-101            
-100            
-100            
-101            
-101            
-101            
-101            
-100            
-101            
-100            
-101            
-102            
-100            
-100            
-101            
-101            
-101            
-100            
-101            
-100            
-100            
-102            
-102            
-101            
-101            
-101            
-101            
-101            
-102            
-102            
-103            
-103            
-101            
-101            
-102            
-102            
-102            
-102            
-102            
-102            
-102            
-102            
-103            
-102            
-102            
-103            
-103            
-103            
-103            
-103            
-102            
-101            
-102            
-102            
-103            
-103            
-103            
-102            
-102            
-102            
-101            
-103            
-102            
-102            
-103            
-103            
-103            
-103            
-104            
-103            
-102            
-103            
-102            
-102            
-103            
-105            
-104            
-103            
-102            
-102            
-103            
-103            
-103            
-102            
-102            
-103            
-103            
-103            
-104            
-103            
-103            
-103            
-103            
-103            
-103            
-103            
-102            
-103            
-104            
-104            
-104            
-104            
-103            
-102            
-103            
-103            
-103            
-103            
-103            
-104            
-104            
-104            
-104            
-104            
-103            
-103            
-103            
-104            
-103            
-104            
-105            
-104            
-104            
-103            
-103            
-104            
-103            
-103            
-103            
-104            
-105            
-105            
-104            
-104            
-104            
-103            
-104            
-104            
-103            
-103            
-105            
-104            
-104            
-104            
-105            
-105            
-105            
-105            
-104            
-104            
-104            
-104            
-104            
-104            
-103            
-105            
-104            
-104            
-104            
-104            
-105            
-105            
-104            
-104            
-105            
-105            
-105            
-105            
-104            
-104            
-104            
-105            
-104            
-105            
-104            
-104            
-105            
-105            
-105            
-105            
-104            
-105            
-105            
-105            
-105            
-105            
-104            
-105            
-105            
-105            
-105            
-105            
-106            
-105            
-105            
-105            
-105            
-105            
-105            
-106            
-106            
-104            
-106            
-105            
-105            
-105            
-105            
-105            
-105            
-105            
-105            
-105            
-105            
-105            
-106            
-106            
-105            
-106            
-106            
-105            
-104            
-105            
-105            
-105            
-106            
-106            
-106            
-105            
-106            
-105            
-106            
-105            
-106            
-105            
-105            
-105            
-107            
-106            
-105            
-106            
-106            
-105            
-106            
-106            
-104            
-106            
-105            
-106            
-105            
-105            
-106            
-107            
-107            
-105            
-105            
-107            
-106            
-106            
-106            
-106            
-107            
-106            
-106            
-106            
-106            
-106            
-106            
-106            
-106            
-107            
-107            
-107            
-106            
-106            
-107            
-106            
-106            
-106            
-106            
-106            
-106            
-106            
-106            
-106            
-106            
-107            
-106            
-107            
-107            
-106            
-107            
-106            
-106            
-107            
-106            
-105            
-106            
-105            
-106            
-107            
-107            
-106            
-106            
-107            
-107            
-107            
-107            
-106            
-105            
-106            
-107            
-107            
-107            
-108            
-107            
-108            
-108            
-107            
-107            
-107            
-107            
-107            
-107            
-108            
-107            
-107            
-107            
-108            
-107            
-107            
-107            
-107            
-107            
-106            
-106            
-107            
-107            
-107            
-108            
-107            
-107            
-107            
-108            
-109            
-109            
-107            
-107            
-108            
-107            
-108            
-106            
-107            
-108            
-108            
-108            
-108            
-107            
-107            
-108            
-107            
-107            
-108            
-108            
-108            
-108            
-107            
-108            
-108            
-107            
-107            
-108            
-107            
-107            
-108            
-108            
-107            
-108            
-109            
-108            
-107            
-108            
-108            
-108            
-108            
-107            
-108            
-108            
-108            
-109            
-109            
-110            
-110            
-111            
-110            
-62             
-60             
-64             
-68             
-62             
-66             
-76             
-81             
-83             
-86             
-86             
-87             
-87             
-88             
-89             
-89             
-89             
-89             
-91             
-91             
-91             
-91             
-91             
-91             
-92             
-92             
-92             
-93             
-93             
-93             
-92             
-93             
-93             
-93             
-94             
-95             
-95             
-94             
-96             
-95             
-95             
-95             
-95             
-96             
-95             
-96             
-96             
-97             
-97             
-95             
-95             
-97             
-96             
-95             
-96             
-97             
-97             
-97             
-98             
-97             
-97             
-97             
-97             
-97             
-97             
-98             
-98             
-98             
-99             
-98             
-98             
-98             
-98             
-98             
-98             
-96             
-98             
-99             
-99             
-98             
-98             
-99             
-99             
-100            
-100            
-99             
-99             
-98             
-100            
-99             
-100            
-100            
-99             
-100            
-100            
-100            
-100            
-100            
-100            
-99             
-99             
-100            
-100            
-101            
-100            
-101            
-101            
-100            
-100            
-100            
-100            
-100            
-100            
-100            
-101            
-101            
-101            
-99             
-100            
-101            
-100            
-100            
-101            
-101            
-101            
-101            
-100            
-101            
-100            
-101            
-102            
-100            
-100            
-101            
-101            
-101            
-100            
-101            
-100            
-100            
-102            
-102            
-101            
-101            
-101            
-101            
-101            
-102            
-102            
-103            
-103            
-101            
-101            
-102            
-102            
-102            
-102            
-102            
-102            
-102            
-102            
-103            
-102            
-102            
-103            
-103            
-103            
-103            
-103            
-102            
-101            
-102            
-102            
-103            
-103            
-103            
-102            
-102            
-102            
-101            
-103            
-102            
-102            
-103            
-103            
-103            
-103            
-104            
-103            
-102            
-103            
-102            
-102            
-103            
-105            
-104            
-103            
-102            
-102            
-103            
-103            
-103            
-102            
-102            
-103            
-103            
-103            
-104            
-103            
-103            
-103            
-103            
-103            
-103            
-103            
-102            
-103            
-104            
-104            
-104            
-104            
-103            
-102            
-103            
-103            
-103            
-103            
-103            
-104            
-104            
-104            
-104            
-104            
-103            
-103            
-103            
-104            
-103            
-104            
-105            
-104            
-104            
-103            
-103            
-104            
-103            
-103            
-103            
-104            
-105            
-105            
-104            
-104            
-104            
-103            
-104            
-104            
-103            
-103            
-105            
-104            
-104            
-104            
-105            
-105            
-105            
-105            
-104            
-104            
-104            
-104            
-104            
-104            
-103            
-105            
-104            
-104            
-104            
-104            
-105            
-105            
-104            
-104            
-105            
-105            
-105            
-105            
-104            
-104            
-104            
-105            
-104            
-105            
-104            
-104            
-105            
-105            
-105            
-105            
-104            
-105            
-105            
-105            
-105            
-105            
-104            
-105            
-105            
-105            
-105            
-105            
-106            
-105            
-105            
-105            
-105            
-105            
-105            
-106            
-106            
-104            
-106            
-105            
-105            
-105            
-105            
-105            
-105            
-105            
-105            
-105            
-105            
-105            
-106            
-106            
-105            
-106            
-106            
-105            
-104            
-105            
-105            
-105            
-106            
-106            
-106            
-105            
-106            
-105            
-106            
-105            
-106            
-105            
-105            
-105            
-107            
-106            
-105            
-106            
-106            
-105            
-106            
-106            
-104            
-106            
-105            
-106            
-105            
-105            
-106            
-107            
-107            
-105            
-105            
-107            
-106            
-106            
-106            
-106            
-107            
-106            
-106            
-106            
-106            
-106            
-106            
-106            
-106            
-107            
-107            
-107            
-106            
-106            
-107            
-106            
-106            
-106            
-106            
-106            
-106            
-106            
-106            
-106            
-106            
-107            
-106            
-107            
-107            
-106            
-107            
-106            
-106            
-107            
-106            
-105            
-106            
-105            
-106            
-107            
-107            
-106            
-106            
-107            
-107            
-107            
-107            
-106            
-105            
-106            
-107            
-107            
-107            
-108            
-107            
-108            
-108            
-107            
-107            
-107            
-107            
-107            
-107            
-108            
-107            
-107            
-107            
-108            
-107            
-107            
-107            
-107            
-107            
-106            
-106            
-107            
-107            
-107            
-108            
-107            
-107            
-107            
-108            
-109            
-109            
-107            
-107            
-108            
-107            
-108            
-106            
-107            
-108            
-108            
-108            
-108            
-107            
-107            
-108            
-107            
-107            
-108            
-108            
-108            
-108            
-107            
-108            
-108            
-107            
-107            
-108            
-107            
-107            
-108            
-108            
-107            
-108            
-109            
-108            
-107            
-108            
-108            
-108            
-108            
-107            
-108            
-108            
-108            
-109            
-109            
-110            
-110            
-111            
-110            
0               
1638            
655             
9830            
300             
300             
0               
-15             
0               
-4              
0               
-15             
0               
6               
-20             
-3              
2344            
4687            
0               
0               
0               
32767           
0               
-20             
1               
0               
12000           
1               
100             
5               
0               
250             
50              
1024            
4000            
100             
1024            
5000            
100             
-3584           
8500            
600             
0               
18000           
100             
0               
20              
96              
0               
20              
96              
0               
20              
96              
0               
20              
96              
0               
20              
96              
2               
0               
200             
100             
-16             
2000            
100             
-16             
0               
1               
0               
20              
4               
0               
20              
0               
0               
10              
2000            
-96             
-85             
-20             
0               
0               
-96             
-85             
-20             
0               
0               
0               
0               
0               
700             
2               
0               
20              
0               
0               
2000            
2000            
-96             
0               
0               
0               
0               
-96             
0               
0               
0               
0               
0               
0               
0               
20              
2               
1               
20              
0               
0               
10000           
10000           
-96             
0               
0               
0               
0               
-96             
0               
0               
0               
0               
1               
0               
0               
20              
2               
1               
20              
0               
0               
10000           
10000           
-96             
0               
0               
0               
0               
-96             
0               
0               
0               
0               
1               
0               
0               
20              
2               
1               
20              
0               
0               
10000           
10000           
-96             
0               
0               
0               
0               
-96             
0               
0               
0               
0               
1               
0               
1               
20              
4               
0               
20              
0               
0               
300             
10000           
-96             
-70             
-20             
0               
0               
-96             
-70             
-20             
-20             
0               
0               
0               
1               
-1              
8               
0               
27233           
30              
0               
0               
0               
0               
0               
0               
0               
0               
165             
0               
0               
0               
0               
0               
0               
0               
0               
1               
2               
1               
-20             
-20             
-40             
-20             
-76             
-31             
0               
15              
96              
86              
6826            
6826            
6826            
6826            
6826            
6826            
6826            
6826            
6826            
6826            

// Volume 0
